﻿State,Total_Cases,New_Cases,Avg_3days,Avg_5days,Dates,Per100,Deaths,Days_100,DeathsDays_5,GrowthRate
Baden-Wuerttemberg,827,0,0,0,2020-03-15,5,2,1,0,0
Baden-Wuerttemberg,1105,278,0,0,2020-03-16,10,2,2,0,0
Baden-Wuerttemberg,1479,417,0,0,2020-03-17,13,2,3,0,0
Baden-Wuerttemberg,1609,130,275,0,2020-03-18,15,2,4,0,24.2
Baden-Wuerttemberg,2155,546,364,0,2020-03-19,19,6,5,1,26
Baden-Wuerttemberg,2746,591,422,392,2020-03-20,25,10,6,2,24.1
Baden-Wuerttemberg,3668,922,686,521,2020-03-21,33,16,7,3,31.6
Baden-Wuerttemberg,3807,139,551,466,2020-03-22,34,21,8,4,19.3
Baden-Wuerttemberg,3811,4,355,440,2020-03-23,34,21,9,5,10.4
Baden-Wuerttemberg,5348,1537,560,639,2020-03-24,48,30,10,6,14.9
Baden-Wuerttemberg,6069,721,754,665,2020-03-25,55,37,11,7,17.4
Baden-Wuerttemberg,7283,1214,1157,723,2020-03-26,66,56,12,8,22.8
Baden-Wuerttemberg,8161,878,938,871,2020-03-27,74,70,13,9,15
Baden-Wuerttemberg,9781,1620,1237,1194,2020-03-28,88,101,14,10,17.3
Baden-Wuerttemberg,9794,13,837,889,2020-03-29,88,101,15,11,10
Baden-Wuerttemberg,10943,1149,927,975,2020-03-30,99,119,16,12,10
Baden-Wuerttemberg,12334,1391,851,1010,2020-03-31,111,165,17,13,8.4
Baden-Wuerttemberg,13410,1076,1205,1050,2020-04-01,121,197,18,14,10.9
Baden-Wuerttemberg,14662,1252,1240,976,2020-04-02,132,241,19,15,10.1
Baden-Wuerttemberg,16059,1397,1242,1253,2020-04-03,145,285,20,16,9.2
Baden-Wuerttemberg,17014,955,1201,1214,2020-04-04,154,316,21,17,8.2
Baden-Wuerttemberg,18614,1600,1317,1256,2020-04-05,168,367,22,18,8.3
Baden-Wuerttemberg,19395,781,1112,1197,2020-04-06,175,387,23,19,6.5
Baden-Wuerttemberg,20141,746,1042,1096,2020-04-07,182,433,24,20,5.7
Baden-Wuerttemberg,20680,539,689,924,2020-04-08,187,464,25,21,3.6
Bavaria,886,0,0,0,2020-03-15,6,4,1,0,0
Bavaria,1067,181,0,0,2020-03-16,7,4,2,0,0
Bavaria,1109,144,0,0,2020-03-17,9,4,3,0,0
Bavaria,1243,134,153,0,2020-03-18,10,4,4,0,15
Bavaria,1692,449,242,0,2020-03-19,13,8,5,1,21.2
Bavaria,2401,709,431,323,2020-03-20,18,12,6,2,32
Bavaria,2960,559,572,399,2020-03-21,23,19,7,3,32.2
Bavaria,3650,690,653,508,2020-03-22,28,21,8,4,27.8
Bavaria,4892,1242,830,730,2020-03-23,37,26,9,5,27.6
Bavaria,5754,862,931,812,2020-03-24,44,30,10,6,24.3
Bavaria,6558,804,969,831,2020-03-25,50,37,11,7,20.3
Bavaria,7993,1435,1034,1007,2020-03-26,61,47,12,8,18
Bavaria,9481,1488,1242,1166,2020-03-27,73,55,13,9,18.4
Bavaria,11150,1669,1531,1252,2020-03-28,85,77,14,10,19.1
Bavaria,12881,1731,1629,1425,2020-03-29,99,107,15,11,17.1
Bavaria,13989,1108,1503,1486,2020-03-30,107,127,16,12,13.5
Bavaria,14810,821,1220,1363,2020-03-31,113,162,17,13,9.6
Bavaria,16497,1687,1205,1403,2020-04-01,126,225,18,14,8.7
Bavaria,18496,1999,1502,1469,2020-04-02,141,268,19,15,9.9
Bavaria,20237,1741,1809,1471,2020-04-03,155,307,20,16,10.9
Bavaria,21908,1671,1804,1584,2020-04-04,168,349,21,17,9.8
Bavaria,23846,1938,1783,1807,2020-04-05,182,396,22,18,8.8
Bavaria,24974,1128,1579,1695,2020-04-06,191,437,23,19,7.2
Bavaria,26163,1189,1418,1533,2020-04-07,200,481,24,20,6.0
Bavaria,27564,1401,1239,1465,2020-04-08,211,564,25,21,5.0
Berlin,265,0,0,0,2020-03-15,7,0,1,0,0
Berlin,300,35,0,0,2020-03-16,8,0,2,0,0
Berlin,345,45,0,0,2020-03-17,9,0,3,0,0
Berlin,391,46,42,0,2020-03-18,10,0,4,0,13.8
Berlin,573,182,91,0,2020-03-19,15,0,5,0,26.4
Berlin,731,158,129,93,2020-03-20,20,0,6,0,29.6
Berlin,866,135,158,113,2020-03-21,23,1,7,0,28
Berlin,1024,158,150,136,2020-03-22,27,1,8,0,20.7
Berlin,1077,53,115,137,2020-03-23,29,1,9,0,13.2
Berlin,1220,143,118,129,2020-03-24,33,1,10,0,11.9
Berlin,1428,208,135,139,2020-03-25,38,2,11,0,12.2
Berlin,1656,228,193,158,2020-03-26,44,4,12,0,15.5
Berlin,1955,299,245,186,2020-03-27,52,8,13,1,17.1
Berlin,2161,206,244,217,2020-03-28,58,8,14,2,14.5
Berlin,2360,199,235,228,2020-03-29,63,9,15,3,12.2
Berlin,2464,104,170,207,2020-03-30,66,11,16,4,7.9
Berlin,2575,111,138,184,2020-03-31,69,13,17,5,5.9
Berlin,2754,179,131,160,2020-04-01,73,16,18,6,5.3
Berlin,2970,216,169,162,2020-04-02,79,19,19,7,6.5
Berlin,3202,232,209,168,2020-04-03,85,20,20,8,7.6
Berlin,3471,269,239,201,2020-04-04,93,22,21,9,8.0
Berlin,3613,142,214,208,2020-04-05,96,24,22,10,6.7
Berlin,3670,57,156,183,2020-04-06,98,26,23,11,4.5
Berlin,3845,175,125,175,2020-04-07,103,28,24,12,3.5
Berlin,4028,183,138,165,2020-04-08,107,32,25,13,3.7
Hamburg,162,0,0,0,2020-03-15,9,0,1,0,0
Hamburg,260,98,0,0,2020-03-16,14,0,2,0,0
Hamburg,310,55,0,0,2020-03-17,17,0,3,0,0
Hamburg,358,48,67,0,2020-03-18,19,0,4,0,27.5
Hamburg,432,74,59,0,2020-03-19,23,0,5,0,19.1
Hamburg,586,154,92,86,2020-03-20,32,0,6,0,25.1
Hamburg,587,1,76,66,2020-03-21,32,0,7,0,16.6
Hamburg,872,285,147,112,2020-03-22,47,0,8,0,27.5
Hamburg,943,71,119,117,2020-03-23,51,0,9,0,17.5
Hamburg,1043,100,152,122,2020-03-24,57,0,10,0,19
Hamburg,1262,219,130,135,2020-03-25,69,0,11,0,13.6
Hamburg,1265,3,107,136,2020-03-26,69,0,12,0,9.9
Hamburg,1693,428,217,164,2020-03-27,92,2,13,0,18.2
Hamburg,1765,72,168,164,2020-03-28,96,2,14,0,11.9
Hamburg,1846,81,194,161,2020-03-29,100,4,15,0,12.3
Hamburg,2053,207,120,158,2020-03-30,112,5,16,1,6.8
Hamburg,2191,138,142,185,2020-03-31,119,9,17,2,7.5
Hamburg,2311,120,155,124,2020-04-01,126,14,18,3,7.6
Hamburg,2406,95,118,128,2020-04-02,131,14,19,4,5.4
Hamburg,2596,190,135,150,2020-04-03,141,16,20,5,5.9
Hamburg,2697,101,129,129,2020-04-04,146,16,21,6,5.3
Hamburg,2945,248,180,151,2020-04-05,160,19,22,7,7.0
Hamburg,2993,48,132,136,2020-04-06,163,19,23,8,4.8
Hamburg,3059,66,121,131,2020-04-07,166,20,24,9,4.2
Hamburg,3165,106,73,114,2020-04-08,172,23,25,10,2.4
Hesse,286,0,0,0,2020-03-15,3,0,1,0,0
Hesse,342,56,0,0,2020-03-16,4,0,2,0,0
Hesse,373,132,0,0,2020-03-17,6,0,3,0,0
Hesse,432,59,82,0,2020-03-18,7,0,4,0,24.6
Hesse,682,250,147,0,2020-03-19,11,0,5,0,38.4
Hesse,813,131,147,126,2020-03-20,13,1,6,0,29.7
Hesse,1080,267,216,168,2020-03-21,17,2,7,0,33.6
Hesse,1175,95,164,160,2020-03-22,19,2,8,0,19.1
Hesse,1347,172,178,183,2020-03-23,21,3,9,0,17.4
Hesse,1620,273,180,188,2020-03-24,26,4,10,0,15
Hesse,1754,134,193,188,2020-03-25,28,4,11,0,14
Hesse,2157,403,270,215,2020-03-26,34,6,12,1,17.2
Hesse,2323,166,234,230,2020-03-27,37,7,13,2,12.7
Hesse,2604,281,283,251,2020-03-28,42,9,14,3,13.6
Hesse,2645,1,149,197,2020-03-29,42,9,15,4,6.3
Hesse,3091,486,256,267,2020-03-30,49,13,16,5,10.1
Hesse,3283,192,226,225,2020-03-31,52,17,17,6,8.1
Hesse,3445,162,280,224,2020-04-01,55,21,18,7,9.3
Hesse,3707,262,205,221,2020-04-02,59,27,19,8,6.3
Hesse,3993,286,237,278,2020-04-03,64,33,20,9,6.8
Hesse,4279,286,278,238,2020-04-04,68,42,21,10,7.5
Hesse,4575,296,289,258,2020-04-05,73,56,22,11,7.2
Hesse,4674,99,322,278,2020-04-06,75,61,23,12,7.5
Hesse,4837,163,186,226,2020-04-07,77,73,24,14,4.1
Hesse,4965,128,130,194,2020-04-08,79,84,25,15,2.8
Lower_Saxony,287,0,0,0,2020-03-15,3,0,1,0,0
Lower_Saxony,391,104,0,0,2020-03-16,3,0,2,0,0
Lower_Saxony,325,53,0,0,2020-03-17,4,0,3,0,0
Lower_Saxony,478,153,103,0,2020-03-18,6,0,4,0,30.8
Lower_Saxony,669,191,132,0,2020-03-19,8,0,5,0,33.2
Lower_Saxony,803,134,159,127,2020-03-20,10,0,6,0,32.4
Lower_Saxony,1023,220,182,150,2020-03-21,13,0,7,0,28
Lower_Saxony,1306,283,212,196,2020-03-22,16,1,8,0,25.5
Lower_Saxony,1483,177,227,201,2020-03-23,19,4,9,0,21.7
Lower_Saxony,1764,281,247,219,2020-03-24,22,6,10,1,19.4
Lower_Saxony,2140,376,278,267,2020-03-25,27,7,11,2,18.3
Lower_Saxony,2357,207,288,265,2020-03-26,29,8,12,3,16
Lower_Saxony,2810,463,349,301,2020-03-27,35,10,13,4,16.7
Lower_Saxony,3150,340,337,333,2020-03-28,39,12,14,5,13.8
Lower_Saxony,3450,300,368,337,2020-03-29,43,21,15,6,13.3
Lower_Saxony,3732,282,307,318,2020-03-30,47,26,16,7,9.8
Lower_Saxony,4063,331,304,343,2020-03-31,51,34,17,8,8.8
Lower_Saxony,4382,319,311,314,2020-04-01,55,42,18,9,8.3
Lower_Saxony,4695,313,321,309,2020-04-02,59,45,19,10,7.9
Lower_Saxony,5081,386,339,326,2020-04-03,64,65,20,11,7.7
Lower_Saxony,5571,490,396,368,2020-04-04,70,85,21,12,8.4
Lower_Saxony,5712,141,339,330,2020-04-05,72,89,22,13,6.6
Lower_Saxony,5960,248,422,379,2020-04-06,75,92,23,14,7.7
Lower_Saxony,6200,240,210,301,2020-04-07,78,111,24,15,3.6
Lower_Saxony,6385,185,224,261,2020-04-08,80,121,25,16,3.8
North_Rhine-Westphalia,1407,0,0,0,2020-03-15,8,6,1,1,0
North_Rhine-Westphalia,1541,134,0,0,2020-03-16,9,6,2,2,0
North_Rhine-Westphalia,2105,564,0,0,2020-03-17,12,6,3,3,0
North_Rhine-Westphalia,2372,267,322,0,2020-03-18,13,6,4,4,19.1
North_Rhine-Westphalia,3033,661,497,0,2020-03-19,17,6,5,5,24.8
North_Rhine-Westphalia,3497,464,464,418,2020-03-20,20,6,6,6,18.5
North_Rhine-Westphalia,3542,45,390,400,2020-03-21,20,6,7,7,13.1
North_Rhine-Westphalia,3545,3,171,288,2020-03-22,20,6,8,8,5.1
North_Rhine-Westphalia,5615,2070,706,649,2020-03-23,31,28,9,9,20
North_Rhine-Westphalia,6318,703,925,657,2020-03-24,35,33,10,10,21.8
North_Rhine-Westphalia,7197,879,1217,740,2020-03-25,40,43,11,11,23.6
North_Rhine-Westphalia,7924,727,770,876,2020-03-26,44,53,12,12,12.1
North_Rhine-Westphalia,9235,1311,972,1138,2020-03-27,51,72,13,13,13.6
North_Rhine-Westphalia,10607,1472,1170,1018,2020-03-28,59,80,14,14,14.4
North_Rhine-Westphalia,11400,793,1192,1036,2020-03-29,64,98,15,15,12.9
North_Rhine-Westphalia,12178,778,1014,1016,2020-03-30,68,101,16,16,9.7
North_Rhine-Westphalia,13225,1047,873,1080,2020-03-31,74,117,17,17,7.7
North_Rhine-Westphalia,14351,1126,984,1043,2020-04-01,80,134,18,18,8
North_Rhine-Westphalia,15427,1076,1083,964,2020-04-02,86,161,19,19,8.2
North_Rhine-Westphalia,16606,1179,1127,1041,2020-04-03,93,178,20,20,7.9
North_Rhine-Westphalia,17885,1279,1178,1141,2020-04-04,100,200,21,21,7.6
North_Rhine-Westphalia,18735,850,1103,1102,2020-04-05,104,245,22,22,6.6
North_Rhine-Westphalia,19384,649,926,1007,2020-04-06,108,255,23,23,5.2
North_Rhine-Westphalia,20200,836,778,959,2020-04-07,113,282,24,24,4.2
North_Rhine-Westphalia,20929,709,731,865,2020-04-08,117,348,25,25,3.8
Rhineland-Palatinate,168,0,0,0,2020-03-15,4,0,1,0,0
Rhineland-Palatinate,325,157,0,0,2020-03-16,8,0,2,0,0
Rhineland-Palatinate,442,117,0,0,2020-03-17,11,0,3,0,0
Rhineland-Palatinate,474,32,102,0,2020-03-18,12,0,4,0,32.7
Rhineland-Palatinate,637,163,104,0,2020-03-19,16,0,5,0,25.1
Rhineland-Palatinate,801,164,120,127,2020-03-20,20,1,6,0,23.2
Rhineland-Palatinate,938,137,155,123,2020-03-21,23,1,7,0,24.3
Rhineland-Palatinate,1053,115,139,122,2020-03-22,26,2,8,0,17.6
Rhineland-Palatinate,1177,124,125,141,2020-03-23,29,2,9,0,13.4
Rhineland-Palatinate,1370,193,144,147,2020-03-24,34,5,10,1,13.6
Rhineland-Palatinate,1591,221,179,158,2020-03-25,39,5,11,2,14.9
Rhineland-Palatinate,1816,225,213,176,2020-03-26,44,6,12,3,15.4
Rhineland-Palatinate,1971,155,200,184,2020-03-27,48,8,13,4,12.6
Rhineland-Palatinate,2212,241,207,207,2020-03-28,54,11,14,5,11.5
Rhineland-Palatinate,2396,184,193,205,2020-03-29,59,12,15,6,9.7
Rhineland-Palatinate,2584,188,204,199,2020-03-30,63,18,16,7,9.3
Rhineland-Palatinate,2726,142,171,182,2020-03-31,67,19,17,8,7.1
Rhineland-Palatinate,2899,173,168,186,2020-04-01,71,23,18,9,6.5
Rhineland-Palatinate,3132,233,183,184,2020-04-02,77,26,19,10,6.7
Rhineland-Palatinate,3362,230,212,193,2020-04-03,82,26,20,11,7.3
Rhineland-Palatinate,3504,142,202,184,2020-04-04,86,29,21,12,6.4
Rhineland-Palatinate,3663,159,177,187,2020-04-05,90,32,22,13,5.3
Rhineland-Palatinate,3882,219,173,197,2020-04-06,95,32,23,14,4.9
Rhineland-Palatinate,3992,110,163,172,2020-04-07,98,34,24,15,4.4
Rhineland-Palatinate,4148,156,162,157,2020-04-08,102,45,25,16,4.2
Saxony,130,0,0,0,2020-03-15,2,0,1,0,0
Saxony,140,10,0,0,2020-03-16,3,0,2,0,0
Saxony,182,79,0,0,2020-03-17,5,0,3,0,0
Saxony,198,16,35,0,2020-03-18,5,0,4,0,23.2
Saxony,275,77,57,0,2020-03-19,7,0,5,0,32.9
Saxony,394,119,71,60,2020-03-20,10,0,6,0,32.5
Saxony,567,173,123,93,2020-03-21,14,0,7,0,42.6
Saxony,606,39,110,85,2020-03-22,15,0,8,0,26.7
Saxony,653,47,86,91,2020-03-23,16,0,9,0,16.5
Saxony,811,158,81,107,2020-03-24,20,1,10,0,13.3
Saxony,959,148,118,113,2020-03-25,24,6,11,1,17.1
Saxony,1141,182,163,115,2020-03-26,28,7,12,2,20.2
Saxony,1305,164,165,140,2020-03-27,32,7,13,3,17
Saxony,1432,127,158,156,2020-03-28,35,9,14,4,13.9
Saxony,1617,185,159,161,2020-03-29,40,9,15,5,12.3
Saxony,1795,178,163,167,2020-03-30,44,9,16,6,11.2
Saxony,1882,87,150,148,2020-03-31,46,12,17,7,9.3
Saxony,2034,152,139,146,2020-04-01,50,17,18,8,7.9
Saxony,2183,149,129,150,2020-04-02,54,18,19,9,6.8
Saxony,2336,153,151,144,2020-04-03,57,21,20,10,7.4
Saxony,2591,255,186,159,2020-04-04,64,24,21,11,8.5
Saxony,2741,150,186,172,2020-04-05,67,32,22,12,7.8
Saxony,2903,162,189,174,2020-04-06,71,34,23,13,7.4
Saxony,2997,94,135,163,2020-04-07,73,38,24,14,4.9
Saxony,3144,105,120,153,2020-04-08,77,50,25,15,4.2
Schleswig-Holstein,103,0,0,0,2020-03-15,3,0,1,0,0
Schleswig-Holstein,123,20,0,0,2020-03-16,4,0,2,0,0
Schleswig-Holstein,127,23,0,0,2020-03-17,4,0,3,0,0
Schleswig-Holstein,159,32,25,0,2020-03-18,6,0,4,0,21.2
Schleswig-Holstein,202,43,33,0,2020-03-19,7,0,5,0,24.2
Schleswig-Holstein,266,64,46,36,2020-03-20,9,1,6,0,28.3
Schleswig-Holstein,308,42,50,41,2020-03-21,11,1,7,0,23.9
Schleswig-Holstein,347,39,48,44,2020-03-22,12,1,8,0,18.6
Schleswig-Holstein,383,36,39,45,2020-03-23,13,1,9,0,12.7
Schleswig-Holstein,478,95,57,55,2020-03-24,17,2,10,0,16.5
Schleswig-Holstein,577,99,77,62,2020-03-25,20,3,11,0,19.1
Schleswig-Holstein,675,98,97,73,2020-03-26,23,3,12,0,20.2
Schleswig-Holstein,812,137,111,93,2020-03-27,28,4,13,0,19.2
Schleswig-Holstein,915,103,113,106,2020-03-28,32,4,14,0,16.4
Schleswig-Holstein,1005,90,110,105,2020-03-29,35,6,15,1,13.7
Schleswig-Holstein,1049,44,79,94,2020-03-30,36,7,16,2,8.7
Schleswig-Holstein,1120,71,68,89,2020-03-31,39,9,17,3,6.9
Schleswig-Holstein,1246,126,80,87,2020-04-01,43,10,18,4,7.6
Schleswig-Holstein,1335,89,95,84,2020-04-02,46,11,19,5,8.3
Schleswig-Holstein,1443,108,108,88,2020-04-03,50,15,20,6,8.7
Schleswig-Holstein,1559,116,104,102,2020-04-04,54,17,21,7,7.8
Schleswig-Holstein,1631,72,99,102,2020-04-05,56,18,22,8,6.8
Schleswig-Holstein,1671,40,76,85,2020-04-06,58,20,23,9,4.9
Schleswig-Holstein,1730,59,57,79,2020-04-07,60,24,24,10,3.5
Schleswig-Holstein,1827,97,65,77,2020-04-08,63,28,25,11,3.9